%YAML:1.0
calibration_time: "Mon Oct 23 15:37:26 2017"
nframes: 19
image_width: 640
image_height: 480
board_width: 9
board_height: 6
square_size: 1.
flags: 0
camera_matrix: !!opencv-matrix
   rows: 3
   cols: 3
   dt: d
   data: [ 6.1287590865599975e+02, 0., 3.2427977765507694e+02, 0.,
       6.1111797044885873e+02, 2.3858551267663364e+02, 0., 0., 1. ]
distortion_coefficients: !!opencv-matrix
   rows: 5
   cols: 1
   dt: d
   data: [ 6.2546816383248161e-02, 4.6152719733252673e-01,
       1.3300700534659838e-03, 2.0502229351400259e-04,
       -2.1191439102760032e+00 ]
avg_reprojection_error: 2.1412778170385180e-01
per_view_reprojection_errors: !!opencv-matrix
   rows: 19
   cols: 1
   dt: f
   data: [ 2.00360894e-01, 1.78034693e-01, 2.94564635e-01,
       2.18089789e-01, 1.61032110e-01, 1.47599712e-01, 2.13677377e-01,
       2.01811358e-01, 3.19516301e-01, 2.66409844e-01, 2.15208322e-01,
       2.42041871e-01, 1.79332212e-01, 1.73668057e-01, 1.26515329e-01,
       1.93132073e-01, 2.34096572e-01, 2.10680127e-01, 1.95218846e-01 ]
# a set of 6-tuples (rotation vector + translation vector) for each view
extrinsic_parameters: !!opencv-matrix
   rows: 19
   cols: 6
   dt: d
   data: [ -6.5333999175401170e-01, -4.2408959460726536e-02,
       3.2520800164648464e-02, -3.8645333349515725e+00,
       -1.7855677617519767e+00, 1.3149103320085276e+01,
       -7.1389625831941772e-01, -2.1311209323360422e-01,
       -1.5362230124209622e-01, -4.4008923889548015e+00,
       -1.8029467694153998e+00, 1.2265644842320091e+01,
       1.2679924345775614e-01, -7.8811539913532749e-02,
       9.1010724458258876e-02, -5.1301277633106555e+00,
       -1.0561389601613267e+00, 1.4481638530322760e+01,
       -1.3805236911432658e-01, 3.7215627376586746e-01,
       1.6572333876742416e-03, -5.1812500766597482e+00,
       -2.0011466863641476e+00, 1.3619636201598706e+01,
       3.9150501999026405e-01, -5.2729158547069044e-01,
       1.7161766521670130e-01, -1.2051364526499961e+00,
       -1.4900638714006051e+00, 8.2802417636768162e+00,
       1.5871595796535215e-01, -3.6356498758334593e-01,
       7.6097297595816696e-02, -2.5554658089944833e+00,
       -2.5397476771289447e+00, 9.5176613427459973e+00,
       -6.9223135576409500e-01, -1.1247121843399807e-01,
       -3.2810775260143199e-02, -4.1878931558029224e+00,
       -1.6391997203298545e+00, 1.2133134587036245e+01,
       -6.6729472100643983e-01, 1.4952021669763713e-01,
       8.4128647338306845e-03, -3.8140113936414672e+00,
       -2.5871422685842322e+00, 1.2521566598062023e+01,
       3.5928010790865139e-01, 2.6925533571411780e-01,
       -2.3762539950907341e-01, -5.4585158485295606e+00,
       -1.6603637593979776e+00, 1.2182187512851607e+01,
       -5.9086377844143256e-01, -1.7694975588237238e-01,
       -1.3847143132882833e+00, -3.0289649210056719e+00,
       2.4816270382262982e+00, 1.1699582172774472e+01,
       -6.7796870683999211e-01, -4.3245446292248940e-01,
       -1.3393933744030002e+00, -2.6105565287896355e+00,
       1.3763637754201445e+00, 1.0836767162531007e+01,
       -3.6760364853131794e-01, -3.3091078218017150e-01,
       -1.9529001070358381e+00, 2.4237765347415977e-01,
       4.1155037751421526e+00, 1.2337404505599212e+01,
       1.2363537465733945e-01, -3.3617317217468645e-01,
       -2.1442682567532251e-01, -4.3311094381322519e+00,
       -1.5269566738475924e+00, 1.1285651652515007e+01,
       4.9463395570696866e-01, -2.0589875459924406e-01,
       -3.3482769367040038e-01, -5.1369896270895152e+00,
       1.7113703580026701e-01, 1.2371306775989321e+01,
       3.7668143362497708e-01, -5.1608667763900051e-01,
       1.6857934754954035e-01, -1.4621911478734646e+00,
       -1.1626305369362882e+00, 1.0546548258368803e+01,
       -5.8246614523892715e-01, -2.5805044508458452e-01,
       -8.2442088725302676e-01, -4.1425954785451591e+00,
       5.7906265971184356e-01, 1.3486940702551866e+01,
       -4.6902495373685044e-01, 2.4331560919800727e-01,
       -3.6674663748380210e-01, -4.8211741460014830e+00,
       -3.4744827179254062e-01, 1.5280568665805747e+01,
       -5.9638260317160541e-01, 4.5940190122780050e-01,
       1.4696530938455349e-01, -3.0619886290551297e+00,
       -1.0116950950771375e+00, 1.5438618164824677e+01,
       9.0764268551737831e-02, 4.2078933986196243e-01,
       2.3256993017436994e-01, -3.7613661166268160e+00,
       -3.2458821316333948e+00, 1.2981305524413768e+01 ]
