%YAML:1.0
calibration_time: "Thu Jul 27 21:09:06 2017"
nframes: 15
image_width: 640
image_height: 480
board_width: 9
board_height: 9
square_size: 1.
flags: 0
camera_matrix: !!opencv-matrix
   rows: 3
   cols: 3
   dt: d
   data: [ 5.3440183959815761e+02, 0., 3.1687149396797082e+02, 0.,
       5.3425160650503335e+02, 2.3514869989424446e+02, 0., 0., 1. ]
distortion_coefficients: !!opencv-matrix
   rows: 5
   cols: 1
   dt: d
   data: [ 4.5841438817380328e-02, -1.5043126523944966e-01,
       -7.8839687539408222e-04, -6.1892253169883843e-04,
       8.8770323338508039e-02 ]
avg_reprojection_error: 1.5950424670526556e-01
per_view_reprojection_errors: !!opencv-matrix
   rows: 15
   cols: 1
   dt: f
   data: [ 1.21010311e-01, 1.30894169e-01, 1.48628786e-01,
       1.91743433e-01, 1.33409992e-01, 1.79236770e-01, 1.76798150e-01,
       1.69319168e-01, 1.67138398e-01, 1.65082291e-01, 1.65857971e-01,
       1.35917053e-01, 1.75856829e-01, 1.76010802e-01, 1.34407863e-01 ]
# a set of 6-tuples (rotation vector + translation vector) for each view
extrinsic_parameters: !!opencv-matrix
   rows: 15
   cols: 6
   dt: d
   data: [ -2.1243760439436701e-01, 4.2233756514577413e-02,
       5.3598252604595324e-02, -3.7690863760080915e+00,
       -4.2210846821088381e+00, 1.5392037758517445e+01,
       2.8633766752138795e-01, 4.5855339216356268e-02,
       2.2127032557566571e-02, -4.1372840747469866e+00,
       -2.7686124722078396e+00, 1.0935696552315871e+01,
       8.8302261917869232e-02, 5.1668427113299731e-01,
       -1.5407618781980692e+00, -4.3197547816207065e+00,
       4.6838376717072894e+00, 1.5528494132910936e+01,
       5.1548616636737266e-01, -6.1193578057559136e-02,
       1.4332926377498676e+00, 3.3059139652146166e+00,
       -2.8208239344829864e+00, 8.9802523658415812e+00,
       -2.0929198051119174e-01, 4.5205001992369831e-01,
       1.4531790753875256e+00, 3.6581767810499173e+00,
       -3.1179732569127410e+00, 1.4604820976985321e+01,
       1.5289127088239934e-01, 2.1003172114229948e-01,
       1.5117050256569811e+00, 3.3993201089804774e+00,
       -4.2410247303803539e+00, 1.2617016407275099e+01,
       3.9470613765720985e-01, 4.6574988334500744e-01,
       1.2551184419725527e+00, 7.5445649880103149e-01,
       -4.0168870290576368e+00, 1.1279350571353111e+01,
       3.2205425244825353e-01, -1.5706377429651600e-01,
       1.3597062823923480e+00, 3.6700868227278232e+00,
       -3.2547856093781125e+00, 1.1098632377563600e+01,
       -1.5757010244776815e-01, -3.5985477348803629e-01,
       1.4633416624152382e+00, 3.7621098134904711e+00,
       -4.0410052956488682e+00, 1.3975902179326237e+01,
       -1.3213417949390907e-01, -4.1737081723965552e-01,
       -3.3555285463203029e-02, -2.7313611683828904e+00,
       -4.1892300213053106e+00, 1.1706550289847343e+01,
       1.4713809884169926e-01, 3.1968658328540961e-01,
       1.4796408668573799e+00, 4.4872483184794696e+00,
       -3.8397836210896341e+00, 1.1203854341450421e+01,
       -2.5941474186363533e-01, 4.6493517577445198e-01,
       1.4939091130673294e+00, 5.1382735095363925e+00,
       -4.2750668080948788e+00, 1.5723077603344686e+01,
       4.0310804514070814e-01, -3.3606385763700491e-01,
       3.3289209298367972e-01, -2.0285342401900239e+00,
       -3.4568461014688743e+00, 9.5447336248920447e+00,
       7.2214904886992268e-02, -2.5554249439843663e-01,
       1.5361447514798623e+00, 3.3890498569632976e+00,
       -3.0470346167478288e+00, 1.6228963496993401e+01,
       -6.2029037171329626e-02, -1.8354558247332173e-01,
       2.8449625659640310e-01, -2.8483070175503973e+00,
       -4.2211236248741750e+00, 1.5452482127699181e+01 ]
image_points: !!opencv-matrix
   rows: 15
   cols: 81
   dt: "2f"
   data: [ 1.85432571e+02, 8.79036102e+01, 2.19866272e+02,
       8.93508377e+01, 2.54515259e+02, 9.04295959e+01, 2.89514374e+02,
       9.20431976e+01, 3.24662354e+02, 9.32490311e+01, 3.60184296e+02,
       9.45105667e+01, 3.95534271e+02, 9.57751465e+01, 4.31418396e+02,
       9.68481979e+01, 4.67401886e+02, 9.82944870e+01, 1.81571426e+02,
       1.20532593e+02, 2.16630447e+02, 1.21952820e+02, 2.51810165e+02,
       1.23376419e+02, 2.87099030e+02, 1.24789948e+02, 3.22666107e+02,
       1.26293800e+02, 3.58555786e+02, 1.27585648e+02, 3.94532013e+02,
       1.28812607e+02, 4.30644287e+02, 1.30402695e+02, 4.67455292e+02,
       1.31692093e+02, 1.77673569e+02, 1.53901215e+02, 2.13178909e+02,
       1.55437714e+02, 2.48794571e+02, 1.56813461e+02, 2.84682465e+02,
       1.58625229e+02, 3.20680267e+02, 1.60165588e+02, 3.56820404e+02,
       1.61670883e+02, 3.93458160e+02, 1.62996201e+02, 4.30346008e+02,
       1.64552933e+02, 4.67307739e+02, 1.66195541e+02, 1.73677490e+02,
       1.88368881e+02, 2.09706100e+02, 1.89900803e+02, 2.45760605e+02,
       1.91546066e+02, 2.82277893e+02, 1.93156860e+02, 3.18683868e+02,
       1.94784470e+02, 3.55484558e+02, 1.96529434e+02, 3.92446259e+02,
       1.98301163e+02, 4.29699707e+02, 1.99892868e+02, 4.67359558e+02,
       2.01458038e+02, 1.69592529e+02, 2.23428162e+02, 2.05971054e+02,
       2.25224762e+02, 2.42632767e+02, 2.26946396e+02, 2.79554932e+02,
       2.28800949e+02, 3.16518829e+02, 2.30606079e+02, 3.53888916e+02,
       2.32456635e+02, 3.91392365e+02, 2.34346237e+02, 4.29037140e+02,
       2.36144531e+02, 4.67310699e+02, 2.37913116e+02, 1.65171265e+02,
       2.59879608e+02, 2.02354980e+02, 2.61634735e+02, 2.39443069e+02,
       2.63634155e+02, 2.76765991e+02, 2.65477966e+02, 3.14342926e+02,
       2.67388611e+02, 3.52296234e+02, 2.69367859e+02, 3.90316467e+02,
       2.71273926e+02, 4.28531494e+02, 2.73370728e+02, 4.67404297e+02,
       2.75271790e+02, 1.60731796e+02, 2.97139008e+02, 1.98313599e+02,
       2.99075592e+02, 2.36227478e+02, 3.01046875e+02, 2.73969452e+02,
       3.03160645e+02, 3.12329987e+02, 3.05300354e+02, 3.50437347e+02,
       3.07397400e+02, 3.89074280e+02, 3.09541534e+02, 4.28243011e+02,
       3.11746490e+02, 4.67482239e+02, 3.14101868e+02, 1.55970612e+02,
       3.35681549e+02, 1.94352707e+02, 3.37789886e+02, 2.32465546e+02,
       3.40148193e+02, 2.71018982e+02, 3.42155823e+02, 3.09739777e+02,
       3.44455170e+02, 3.48741730e+02, 3.46583862e+02, 3.87938843e+02,
       3.48683716e+02, 4.27706299e+02, 3.51418518e+02, 4.67544800e+02,
       3.53838562e+02, 1.51491531e+02, 3.75391235e+02, 1.89961380e+02,
       3.77755737e+02, 2.28821579e+02, 3.80101471e+02, 2.67930237e+02,
       3.82458588e+02, 3.07377228e+02, 3.84711731e+02, 3.46865570e+02,
       3.87304810e+02, 3.86842285e+02, 3.89854279e+02, 4.26966492e+02,
       3.92380310e+02, 4.67785736e+02, 3.94848328e+02, 1.13792740e+02,
       9.91742935e+01, 1.62292191e+02, 1.00213326e+02, 2.10912292e+02,
       1.01126419e+02, 2.60359528e+02, 1.02173836e+02, 3.09726685e+02,
       1.02980003e+02, 3.59606262e+02, 1.04037209e+02, 4.10005280e+02,
       1.04717995e+02, 4.60807495e+02, 1.05583931e+02, 5.11717163e+02,
       1.06492149e+02, 1.18223213e+02, 1.48591507e+02, 1.65463074e+02,
       1.49598938e+02, 2.13057343e+02, 1.50751205e+02, 2.61066742e+02,
       1.51926208e+02, 3.09167755e+02, 1.52973267e+02, 3.57814789e+02,
       1.54092560e+02, 4.06662933e+02, 1.54975571e+02, 4.56159576e+02,
       1.56160507e+02, 5.05955536e+02, 1.56930832e+02, 1.22268486e+02,
       1.95352890e+02, 1.68563950e+02, 1.96648193e+02, 2.15053757e+02,
       1.97871201e+02, 2.61771240e+02, 1.99115906e+02, 3.08585388e+02,
       2.00300079e+02, 3.56167236e+02, 2.01587677e+02, 4.03627441e+02,
       2.02693848e+02, 4.51699799e+02, 2.04086716e+02, 5.00369690e+02,
       2.05115509e+02, 1.26421295e+02, 2.40246887e+02, 1.71471283e+02,
       2.41339996e+02, 2.16712341e+02, 2.42682526e+02, 2.62446594e+02,
       2.44158829e+02, 3.08212250e+02, 2.45379288e+02, 3.54368500e+02,
       2.46610977e+02, 4.00734009e+02, 2.48224869e+02, 4.47607025e+02,
       2.49477280e+02, 4.95198639e+02, 2.50679794e+02, 1.30255112e+02,
       2.82495422e+02, 1.74281189e+02, 2.84115143e+02, 2.18424957e+02,
