%YAML:1.0
calibration_time: "Tue Oct 24 19:15:04 2017"
nframes: 15
image_width: 640
image_height: 480
board_width: 9
board_height: 9
square_size: 25.
flags: 0
camera_matrix: !!opencv-matrix
   rows: 3
   cols: 3
   dt: d
   data: [ 5.3440183959815954e+02, 0., 3.1687149396796065e+02, 0.,
       5.3425160650503562e+02, 2.3514869989423428e+02, 0., 0., 1. ]
distortion_coefficients: !!opencv-matrix
   rows: 5
   cols: 1
   dt: d
   data: [ 4.5841438817308504e-02, -1.5043126523895589e-01,
       -7.8839687540278099e-04, -6.1892253170744678e-04,
       8.8770323337765453e-02 ]
avg_reprojection_error: 1.5950424670526556e-01
per_view_reprojection_errors: !!opencv-matrix
   rows: 15
   cols: 1
   dt: f
   data: [ 1.21010311e-01, 1.30894169e-01, 1.48628786e-01,
       1.91743433e-01, 1.33409992e-01, 1.79236770e-01, 1.76798150e-01,
       1.69319168e-01, 1.67138398e-01, 1.65082291e-01, 1.65857971e-01,
       1.35917053e-01, 1.75856829e-01, 1.76010802e-01, 1.34407863e-01 ]
# a set of 6-tuples (rotation vector + translation vector) for each view
extrinsic_parameters: !!opencv-matrix
   rows: 15
   cols: 6
   dt: d
   data: [ -1.9849175914175796e-01, -1.3265748083244189e-01,
       -1.5105597746267856e+00, 1.0530912300597981e+02,
       -9.5789681429394591e+01, 3.7529019472825473e+02,
       1.8818525354103843e-01, 2.5995184610080763e-01,
       -1.5367031205856898e+00, 9.6310488403124253e+01,
       -6.3548244210522157e+01, 2.6497921130279911e+02,
       5.1641237751410807e-01, -8.8255794814249514e-02,
       1.5369354892698641e+00, 7.3975368907573809e+01,
       -5.8333948941160145e+01, 2.6128107390066236e+02,
       4.4249218795406142e-01, -5.6170029717791536e-01,
       2.9514034832891176e+00, -1.0778545590380904e+02,
       -6.0937522678790941e+01, 2.8486623785878612e+02,
       2.3731236963090641e-01, 6.4650644583988015e-01,
       2.9751994658581609e+00, -1.0536566287698952e+02,
       -5.4310185374946357e+01, 3.9163553784925188e+02,
       1.5289127088239840e-01, 2.1003172114232940e-01,
       1.5117050256569775e+00, 8.4983002724518116e+01,
       -1.0602561825950269e+02, 3.1542541018187751e+02,
       3.9470613765720708e-01, 4.6574988334503614e-01,
       1.2551184419725432e+00, 1.8861412470031116e+01,
       -1.0042217572643548e+02, 2.8198376428382880e+02,
       1.5882433409866423e-01, -4.6121207965954508e-01,
       2.9059578967012709e+00, -1.0330708277776532e+02,
       -4.6497827194601690e+01, 3.0459226035748600e+02,
       3.6875985544256001e-01, -1.6146938287771739e-01,
       -1.6415372105182062e+00, -8.0978487555875773e+01,
       1.1827869275734099e+02, 3.1376190116912949e+02,
       -4.2898467287914172e-01, -2.2267703926961052e-01,
       1.5099891844243443e+00, -5.6359669737203618e+01,
       9.3440376428681049e+01, 2.6845602934663071e+02,
       -3.2646028368129937e-01, 1.5025574421839083e-01,
       -1.6326115886777923e+00, -6.6534522567510606e+01,
       1.2056744990199755e+02, 3.1417817636385587e+02,
       -4.7053522520258179e-01, -2.6253933955490716e-01,
       -1.5809147014864318e+00, -6.7248420915139747e+01,
       8.6178412701451691e+01, 3.2652480487861328e+02,
       5.5036053124610948e-02, -6.0678047753566355e-01,
       1.8618644259654189e+00, -1.2620431522306117e+02,
       8.7116006389891112e+01, 3.0331740976537384e+02,
       2.5739748502727611e-01, 7.2739115046813102e-02,
       -1.5889917396303417e+00, -1.1103993713430476e+02,
       1.2707044564330826e+02, 4.2486928041605495e+02,
       -6.2029037171347855e-02, -1.8354558247330038e-01,
       2.8449625659640393e-01, -7.1207675438752503e+01,
       -1.0552809062184687e+02, 3.8631205319248249e+02 ]
