%YAML:1.0
calibration_time: "Mon Jun 19 16:40:48 2017"
nframes: 19
image_width: 640
image_height: 480
board_width: 9
board_height: 6
square_size: 1.
flags: 0
camera_matrix: !!opencv-matrix
   rows: 3
   cols: 3
   dt: d
   data: [ 6.1329057698537360e+02, 0., 3.2458605036337036e+02, 0.,
       6.1156609392134010e+02, 2.3872146392431020e+02, 0., 0., 1. ]
distortion_coefficients: !!opencv-matrix
   rows: 5
   cols: 1
   dt: d
   data: [ 6.1008197866217209e-02, 4.8609745588201053e-01,
       1.4354249452633394e-03, 1.7475180817685533e-04,
       -2.1767666974971540e+00 ]
avg_reprojection_error: 2.1582120141901290e-01
per_view_reprojection_errors: !!opencv-matrix
   rows: 19
   cols: 1
   dt: f
   data: [ 1.94776148e-01, 1.68758467e-01, 1.92255318e-01,
       2.43469805e-01, 2.94888288e-01, 2.16472775e-01, 1.56778917e-01,
       1.48539349e-01, 2.01116562e-01, 1.91784784e-01, 3.36498529e-01,
       2.70627379e-01, 2.21553311e-01, 2.45950237e-01, 1.85761988e-01,
       1.83485761e-01, 1.25433043e-01, 1.91272691e-01, 2.19332501e-01 ]
# a set of 6-tuples (rotation vector + translation vector) for each view
extrinsic_parameters: !!opencv-matrix
   rows: 19
   cols: 6
   dt: d
   data: [ -6.5319103096867503e-01, -4.2722866385362282e-02,
       3.2394586660302982e-02, -3.8705664592821321e+00,
       -1.7883435042207878e+00, 1.3155864432804901e+01,
       -7.1372603328097617e-01, -2.1340066745351041e-01,
       -1.5379026766776435e-01, -4.4066885254081170e+00,
       -1.8054503370323209e+00, 1.2272393536961919e+01,
       -8.4202181486880456e-01, 1.3969437973329410e-01,
       5.4671222559888766e-01, -1.6034938688960387e+00,
       -3.2713169308415413e+00, 1.5292804057295628e+01,
       -2.1686784267038858e-01, -6.9784182731506689e-02,
       1.2721487460952757e-01, -4.7968105354047204e+00,
       -2.6002514532986525e+00, 1.4101632876923400e+01,
       1.2717184539381063e-01, -7.8476152331300425e-02,
       9.1016295392264801e-02, -5.1378756154237042e+00,
       -1.0594675921699623e+00, 1.4494028756642649e+01,
       -1.3766871576465289e-01, 3.7221100233903387e-01,
       1.6995454491915249e-03, -5.1866955222485496e+00,
       -2.0044252945580241e+00, 1.3626484062520639e+01,
       3.9179261758058659e-01, -5.2774562204065389e-01,
       1.7166566186256060e-01, -1.2092094469720571e+00,
       -1.4919008958362598e+00, 8.2866188172149222e+00,
       1.5897311971235972e-01, -3.6389364973714894e-01,
       7.6092294536049404e-02, -2.5603221375260077e+00,
       -2.5419142628543940e+00, 9.5244654368233697e+00,
       -6.9205240976548033e-01, -1.1276257942727369e-01,
       -3.2944981435459576e-02, -4.1934424797247285e+00,
       -1.6417678784930518e+00, 1.2139771195260499e+01,
       -6.6715753500554076e-01, 1.4922334271525875e-01,
       8.2798375332374368e-03, -3.8195641847290807e+00,
       -2.5895624135135442e+00, 1.2527305187969109e+01,
       3.5945261709247001e-01, 2.6926695537795442e-01,
       -2.3752766959370397e-01, -5.4639304761461522e+00,
       -1.6634887503818547e+00, 1.2189530135010102e+01,
       -5.9049272061913316e-01, -1.7724733357407271e-01,
       -1.3848719237392526e+00, -3.0346187805510114e+00,
       2.4790020411325866e+00, 1.1706453962698916e+01,
       -6.7761470526935264e-01, -4.3279557045899625e-01,
       -1.3396212622388639e+00, -2.6157685718593879e+00,
       1.3739307899125552e+00, 1.0842690264666826e+01,
       -3.6726515029410101e-01, -3.3118447245370658e-01,
       -1.9530128052969182e+00, 2.3622428306156576e-01,
       4.1123313649392506e+00, 1.2345336089531422e+01,
       1.2388994862852222e-01, -3.3628382471918244e-01,
       -2.1444846828626987e-01, -4.3372482448977747e+00,
       -1.5295547590748146e+00, 1.1295037526658353e+01,
       4.9496341031370966e-01, -2.0601193777644661e-01,
       -3.3476060140033381e-01, -5.1435513519689469e+00,
       1.6813193663221901e-01, 1.2381394203371505e+01,
       3.7699310338920716e-01, -5.1647700440673250e-01,
       1.6862424432099110e-01, -1.4675032109096813e+00,
       -1.1649397362595533e+00, 1.0554498112674082e+01,
       -5.8218426191299943e-01, -2.5835067338306872e-01,
       -8.2459150648151869e-01, -4.1491921602044668e+00,
       5.7618206225910518e-01, 1.3494520884216328e+01,
       -4.6871290082923672e-01, 2.4307927893299991e-01,
       -3.6678151899762934e-01, -4.8281107242621628e+00,
       -3.5098067116483905e-01, 1.5288239228713255e+01 ]
