%YAML:1.0
calibration_time: "Mon Oct 23 19:52:24 2017"
nframes: 16
image_width: 640
image_height: 480
board_width: 9
board_height: 6
square_size: 1.
flags: 0
camera_matrix: !!opencv-matrix
   rows: 3
   cols: 3
   dt: d
   data: [ 6.1282130214712902e+02, 0., 3.2536130335429385e+02, 0.,
       6.1122171848141318e+02, 2.3772268913307497e+02, 0., 0., 1. ]
distortion_coefficients: !!opencv-matrix
   rows: 5
   cols: 1
   dt: d
   data: [ 1.1835002036035554e-01, -1.9947895603980966e-02,
       5.9930452770075532e-04, 2.4434559904589750e-03,
       -6.9024549356797227e-01 ]
avg_reprojection_error: 2.8703426116833297e-01
per_view_reprojection_errors: !!opencv-matrix
   rows: 16
   cols: 1
   dt: f
   data: [ 3.35823417e-01, 2.91012198e-01, 1.91620454e-01,
       2.72171527e-01, 3.24361891e-01, 3.15506667e-01, 2.93474793e-01,
       2.61436105e-01, 3.17473739e-01, 3.57333124e-01, 2.56910324e-01,
       2.46799782e-01, 2.91611791e-01, 2.60011107e-01, 2.27460623e-01,
       3.01587403e-01 ]
# a set of 6-tuples (rotation vector + translation vector) for each view
extrinsic_parameters: !!opencv-matrix
   rows: 16
   cols: 6
   dt: d
   data: [ 3.6608512233053711e-02, 2.6066769128608058e-02,
       1.9803028198972041e-02, -3.8289974688286907e+00,
       -2.7952501588924972e+00, 1.2218907471680980e+01,
       3.8065917895544221e-01, 2.1168435741288828e-02,
       -2.3928934572860244e-02, -4.1389048770761203e+00,
       -2.0637513047710709e+00, 1.1195042555821946e+01,
       3.7050422764644919e-01, 1.9130881977821240e-01,
       8.5041687064655136e-01, -1.0143702521565219e-01,
       -2.9678696080047997e+00, 1.4717797599624078e+01,
       4.4998489371064526e-01, 6.6247662148111369e-02,
       1.5660221515741573e+00, 1.9211422757920060e+00,
       -2.9797675670931039e+00, 1.2135166558858208e+01,
       4.9684866900383895e-01, -3.4903805018920014e-01,
       3.0527186353233486e+00, 2.6179904955331978e+00,
       2.2086144981800966e+00, 9.5924268533638450e+00,
       8.3885907435395768e-01, 5.3375514511546174e-01,
       2.8945511005758293e+00, 1.8419835625453829e+00,
       1.5393410870242379e+00, 8.2739465290464356e+00,
       -3.9466672642123340e-01, -1.0539366999240801e-01,
       -1.6393709578924640e-01, -4.4818670616137357e+00,
       -2.8090275687932271e+00, 1.3449220451006632e+01,
       -3.1452202677047680e-01, 2.8375663512036986e-01,
       1.4624005567368454e+00, 3.0795895198558010e+00,
       -3.8959414054143942e+00, 1.5379449125574817e+01,
       -3.4455036968288649e-01, 5.2252382224380951e-02,
       2.8617675422101690e-01, -2.7940582281490602e+00,
       -3.6316633704226300e+00, 1.3143413951994605e+01,
       -3.3872622698557375e-01, -6.9529131386533244e-02,
       -4.2893225783206052e-01, -4.5968931213556976e+00,
       -1.4133954020012087e+00, 1.2353412663677069e+01,
       -2.6020894889825308e-01, -2.8418078684490516e-01,
       -1.6011952008734980e+00, -2.3070521883174160e+00,
       3.1207433526659454e+00, 1.2469752109721393e+01,
       3.1055264373274344e-01, -2.7460372188959664e-01,
       6.4833245027703601e-02, -3.4060926813778063e+00,
       -2.1962851099769667e+00, 9.6448075243745652e+00,
       2.7240188663787734e-01, -6.4650443965605631e-01,
       2.9085998420336172e+00, 3.4812199445170142e+00,
       2.7441595320016550e+00, 1.2372598574159662e+01,
       4.6965133618637817e-01, -1.0927354028102579e-01,
       1.1811199278693703e-01, -3.2944977127887820e+00,
       -1.5792043920832801e+00, 9.1789122154288059e+00,
       -4.4644385731815825e-02, -4.4497729109669071e-01,
       -1.4612611322728080e+00, -1.9940525138949592e+00,
       2.6874511019472167e+00, 1.2412661713518050e+01,
       2.7256633529386992e-01, -4.9542227074988854e-01,
       -2.7261623412778193e+00, 3.3978572838842553e+00,
       2.8219237304564690e+00, 1.1987609173058521e+01 ]
image_points: !!opencv-matrix
   rows: 16
   cols: 54
   dt: "2f"
   data: [ 1.31294800e+02, 9.65979233e+01, 1.82251465e+02,
       9.76649399e+01, 2.32927551e+02, 9.87372055e+01, 2.83521088e+02,
       9.94630508e+01, 3.34337158e+02, 1.00045242e+02, 3.85502594e+02,
       1.00641907e+02, 4.36855896e+02, 1.00899086e+02, 4.89260468e+02,
       1.01137329e+02, 5.42370422e+02, 1.01368721e+02, 1.31290680e+02,
       1.47497818e+02, 1.81893265e+02, 1.48641602e+02, 2.32438705e+02,
       1.49569107e+02, 2.82534424e+02, 1.50437439e+02, 3.33204651e+02,
       1.51196548e+02, 3.83954041e+02, 1.51861649e+02, 4.35190643e+02,
       1.52464859e+02, 4.87211365e+02, 1.52805222e+02, 5.40164917e+02,
       1.53361603e+02, 1.30739792e+02, 1.98173096e+02, 1.81393005e+02,
       1.99249359e+02, 2.31582687e+02, 2.00160721e+02, 2.81649475e+02,
       2.00993149e+02, 3.32009705e+02, 2.01887726e+02, 3.82667084e+02,
       2.02715012e+02, 4.33473419e+02, 2.03621185e+02, 4.85272217e+02,
       2.04479263e+02, 5.38006714e+02, 2.05192947e+02, 1.29838516e+02,
       2.48014572e+02, 1.80561447e+02, 2.48919174e+02, 2.30910980e+02,
       2.49800674e+02, 2.80673920e+02, 2.50885849e+02, 3.30937164e+02,
       2.51776291e+02, 3.81419495e+02, 2.52870697e+02, 4.31968140e+02,
       2.53772949e+02, 4.83567657e+02, 2.54968201e+02, 5.36291382e+02,
       2.56136108e+02, 1.29586273e+02, 2.97704651e+02, 1.80104507e+02,
       2.98535858e+02, 2.30040833e+02, 2.99556519e+02, 2.79810913e+02,
       3.00555908e+02, 3.29756714e+02, 3.01671814e+02, 3.80170776e+02,
       3.02759277e+02, 4.30525970e+02, 3.04112579e+02, 4.82137726e+02,
       3.05562683e+02, 5.34575562e+02, 3.06992401e+02, 1.28836227e+02,
       3.47605804e+02, 1.79071213e+02, 3.48485687e+02, 2.29231277e+02,
       3.49405701e+02, 2.78755890e+02, 3.50499817e+02, 3.28811981e+02,
       3.51474884e+02, 3.79036041e+02, 3.52960968e+02, 4.29488007e+02,
       3.54425995e+02, 4.80889648e+02, 3.56176147e+02, 5.33209229e+02,
       3.57896423e+02, 9.62657700e+01, 1.24158829e+02, 1.51814468e+02,
       1.22821434e+02, 2.07224609e+02, 1.21830681e+02, 2.62343018e+02,
       1.20733574e+02, 3.17474609e+02, 1.19610382e+02, 3.73354492e+02,
       1.17750130e+02, 4.29409454e+02, 1.15866280e+02, 4.86497314e+02,
       1.14024040e+02, 5.44732605e+02, 1.12168755e+02, 1.05490204e+02,
       1.77053864e+02, 1.59247910e+02, 1.76027863e+02, 2.12652451e+02,
       1.75082825e+02, 2.65751343e+02, 1.74124069e+02, 3.19407013e+02,
       1.72900375e+02, 3.73023468e+02, 1.71470749e+02, 4.27180573e+02,
       1.70067627e+02, 4.82317657e+02, 1.68595688e+02, 5.38585205e+02,
       1.67108948e+02, 1.13757385e+02, 2.27321884e+02, 1.65742966e+02,
       2.26333267e+02, 2.17591766e+02, 2.25209732e+02, 2.69137207e+02,
       2.24225266e+02, 3.20721436e+02, 2.23141846e+02, 3.72957336e+02,
       2.21851456e+02, 4.25233826e+02, 2.20895325e+02, 4.78465332e+02,
       2.19887360e+02, 5.32836365e+02, 2.18685150e+02, 1.21045204e+02,
       2.74408875e+02, 1.71761673e+02, 2.73140747e+02, 2.22142899e+02,
       2.71663666e+02, 2.71970093e+02, 2.70842133e+02, 3.22371216e+02,
       2.69814972e+02, 3.72753876e+02, 2.68831879e+02, 4.23442352e+02,
       2.68101715e+02, 4.75041412e+02, 2.67410492e+02, 5.27864197e+02,
       2.66656525e+02, 1.28490906e+02, 3.17916443e+02, 1.77566162e+02,
       3.16757965e+02, 2.26364075e+02, 3.15826752e+02, 2.74820465e+02,
       3.14950134e+02, 3.23605835e+02, 3.14116089e+02, 3.72717346e+02,
       3.13338013e+02, 4.21851044e+02, 3.12776154e+02, 4.72187897e+02,
       3.12373322e+02, 5.23169128e+02, 3.11965546e+02, 1.35281998e+02,
       3.59928925e+02, 1.82712326e+02, 3.58947266e+02, 2.30376724e+02,
       3.57762421e+02, 2.77535309e+02, 3.57258881e+02, 3.25029999e+02,
       3.55973083e+02, 3.72681519e+02, 3.55666687e+02, 4.20652161e+02,
       3.55271851e+02, 4.69423004e+02, 3.55104462e+02, 5.18931274e+02,
       3.54960785e+02, 3.21030823e+02, 1.14099228e+02, 3.48207397e+02,
       1.45751373e+02, 3.75335541e+02, 1.77508423e+02, 4.02482025e+02,
       2.09337524e+02, 4.29710297e+02, 2.41377106e+02, 4.57605255e+02,
       2.73195923e+02, 4.85626648e+02, 3.05372681e+02, 5.14084473e+02,
