%YAML:1.0
calibration_time: "Tue Oct 24 14:47:42 2017"
nframes: 15
image_width: 640
image_height: 480
board_width: 9
board_height: 9
square_size: 1.
flags: 0
camera_matrix: !!opencv-matrix
   rows: 3
   cols: 3
   dt: d
   data: [ 5.3440183959815761e+02, 0., 3.1687149396797082e+02, 0.,
       5.3425160650503335e+02, 2.3514869989424446e+02, 0., 0., 1. ]
distortion_coefficients: !!opencv-matrix
   rows: 5
   cols: 1
   dt: d
   data: [ 4.5841438817380328e-02, -1.5043126523944966e-01,
       -7.8839687539408222e-04, -6.1892253169883843e-04,
       8.8770323338508039e-02 ]
avg_reprojection_error: 1.5950424670526556e-01
per_view_reprojection_errors: !!opencv-matrix
   rows: 15
   cols: 1
   dt: f
   data: [ 1.21010311e-01, 1.30894169e-01, 1.48628786e-01,
       1.91743433e-01, 1.33409992e-01, 1.79236770e-01, 1.76798150e-01,
       1.69319168e-01, 1.67138398e-01, 1.65082291e-01, 1.65857971e-01,
       1.35917053e-01, 1.75856829e-01, 1.76010802e-01, 1.34407863e-01 ]
# a set of 6-tuples (rotation vector + translation vector) for each view
extrinsic_parameters: !!opencv-matrix
   rows: 15
   cols: 6
   dt: d
   data: [ -1.9849175914172751e-01, -1.3265748083244280e-01,
       -1.5105597746267889e+00, 4.2123649202388993e+00,
       -3.8315872571760758e+00, 1.5011607789130217e+01,
       1.8818525354107091e-01, 2.5995184610080591e-01,
       -1.5367031205856840e+00, 3.8524195361247653e+00,
       -2.5419297684210922e+00, 1.0599168452112007e+01,
       5.1641237751410829e-01, -8.8255794814281391e-02,
       1.5369354892698703e+00, 2.9590147563027500e+00,
       -2.3333579576466059e+00, 1.0451242956026526e+01,
       4.4249218795403228e-01, -5.6170029717794634e-01,
       2.9514034832891225e+00, -4.3114182361525852e+00,
       -2.4375009071518630e+00, 1.1394649514351327e+01,
       2.3731236963088170e-01, 6.4650644583985561e-01,
       2.9751994658581675e+00, -4.2146265150798801e+00,
       -2.1724074149981574e+00, 1.5665421513969985e+01,
       1.5289127088239940e-01, 2.1003172114229945e-01,
       1.5117050256569811e+00, 3.3993201089804774e+00,
       -4.2410247303803539e+00, 1.2617016407275099e+01,
       3.9470613765720985e-01, 4.6574988334500739e-01,
       1.2551184419725527e+00, 7.5445649880103149e-01,
       -4.0168870290576368e+00, 1.1279350571353111e+01,
       1.5882433409863683e-01, -4.6121207965957695e-01,
       2.9059578967012718e+00, -4.1322833111108510e+00,
       -1.8599130877843051e+00, 1.2183690414299337e+01,
       3.6875985544259243e-01, -1.6146938287771589e-01,
       -1.6415372105182051e+00, -3.2391395022352807e+00,
       4.7311477102933894e+00, 1.2550476046765223e+01,
       -4.2898467287914038e-01, -2.2267703926964275e-01,
       1.5099891844243374e+00, -2.2543867894883527e+00,
       3.7376150571470363e+00, 1.0738241173865276e+01,
       -3.2646028368127411e-01, 1.5025574421839297e-01,
       -1.6326115886777930e+00, -2.6613809027006692e+00,
       4.8226979960796577e+00, 1.2567127054554286e+01,
       -4.7053522520255286e-01, -2.6253933955490399e-01,
       -1.5809147014864393e+00, -2.6899368366058427e+00,
       3.4471365080578193e+00, 1.3060992195144578e+01,
       5.5036053124605584e-02, -6.0678047753569775e-01,
       1.8618644259654162e+00, -5.0481726089226857e+00,
       3.4846402555954046e+00, 1.2132696390614928e+01,
       2.5739748502730808e-01, 7.2739115046815406e-02,
       -1.5889917396303379e+00, -4.4415974853725251e+00,
       5.0828178257319943e+00, 1.6994771216642238e+01,
       -6.2029037171329598e-02, -1.8354558247332162e-01,
       2.8449625659640293e-01, -2.8483070175503973e+00,
       -4.2211236248741750e+00, 1.5452482127699181e+01 ]
