%YAML:1.0
calibration_time: "Thu Oct 26 16:38:15 2017"
nframes: 16
image_width: 640
image_height: 480
board_width: 9
board_height: 6
square_size: 25.
flags: 0
camera_matrix: !!opencv-matrix
   rows: 3
   cols: 3
   dt: d
   data: [ 6.1282130214712913e+02, 0., 3.2536130335429363e+02, 0.,
       6.1122171848141329e+02, 2.3772268913307494e+02, 0., 0., 1. ]
distortion_coefficients: !!opencv-matrix
   rows: 5
   cols: 1
   dt: d
   data: [ 1.1835002036035527e-01, -1.9947895603978968e-02,
       5.9930452770069569e-04, 2.4434559904587981e-03,
       -6.9024549356797016e-01 ]
avg_reprojection_error: 2.8703426116833297e-01
per_view_reprojection_errors: !!opencv-matrix
   rows: 16
   cols: 1
   dt: f
   data: [ 3.35823417e-01, 2.91012198e-01, 1.91620454e-01,
       2.72171527e-01, 3.24361891e-01, 3.15506667e-01, 2.93474793e-01,
       2.61436105e-01, 3.17473739e-01, 3.57333124e-01, 2.56910324e-01,
       2.46799782e-01, 2.91611791e-01, 2.60011107e-01, 2.27460623e-01,
       3.01587403e-01 ]
# a set of 6-tuples (rotation vector + translation vector) for each view
extrinsic_parameters: !!opencv-matrix
   rows: 16
   cols: 6
   dt: d
   data: [ 3.6608512233054780e-02, 2.6066769128609030e-02,
       1.9803028198972495e-02, -9.5724936720717153e+01,
       -6.9881253972312393e+01, 3.0547268679202460e+02,
       3.8065917895544177e-01, 2.1168435741289134e-02,
       -2.3928934572860307e-02, -1.0347262192690290e+02,
       -5.1593782619276752e+01, 2.7987606389554878e+02,
       3.7050422764644897e-01, 1.9130881977821287e-01,
       8.5041687064655114e-01, -2.5359256303911812e+00,
       -7.4196740200119976e+01, 3.6794493999060199e+02,
       4.4998489371064576e-01, 6.6247662148111883e-02,
       1.5660221515741570e+00, 4.8028556894800246e+01,
       -7.4494189177327570e+01, 3.0337916397145517e+02,
       4.9684866900383379e-01, -3.4903805018920492e-01,
       3.0527186353233495e+00, 6.5449762388330029e+01,
       5.5215362454502447e+01, 2.3981067133409618e+02,
       8.3885907435396079e-01, 5.3375514511545752e-01,
       2.8945511005758293e+00, 4.6049589063634635e+01,
       3.8483527175605971e+01, 2.0684866322616091e+02,
       -3.9466672642123268e-01, -1.0539366999240725e-01,
       -1.6393709578924592e-01, -1.1204667654034328e+02,
       -7.0225689219830656e+01, 3.3623051127516595e+02,
       -3.1452202677047686e-01, 2.8375663512036997e-01,
       1.4624005567368454e+00, 7.6989737996395149e+01,
       -9.7398535135359822e+01, 3.8448622813937050e+02,
       -3.4455036968288622e-01, 5.2252382224381298e-02,
       2.8617675422101674e-01, -6.9851455703726387e+01,
       -9.0791584260565713e+01, 3.2858534879986519e+02,
       -3.3872622698557397e-01, -6.9529131386532966e-02,
       -4.2893225783206024e-01, -1.1492232803389233e+02,
       -3.5334885050030188e+01, 3.0883531659192676e+02,
       -2.6020894889825319e-01, -2.8418078684490505e-01,
       -1.6011952008734978e+00, -5.7676304707935280e+01,
       7.8018583816648643e+01, 3.1174380274303485e+02,
       3.1055264373274311e-01, -2.7460372188959625e-01,
       6.4833245027703504e-02, -8.5152317034445090e+01,
       -5.4907127749424149e+01, 2.4112018810936425e+02,
       2.7240188663787562e-01, -6.4650443965605664e-01,
       2.9085998420336185e+00, 8.7030498612925456e+01,
       6.8603988300041408e+01, 3.0931496435399163e+02,
       4.6965133618637772e-01, -1.0927354028102532e-01,
       1.1811199278693689e-01, -8.2362442819719476e+01,
       -3.9480109802081991e+01, 2.2947280538572025e+02,
       -4.4644385731815867e-02, -4.4497729109669037e-01,
       -1.4612611322728080e+00, -4.9851312847373862e+01,
       6.7186277548680422e+01, 3.1031654283795132e+02,
       2.7256633529386964e-01, -4.9542227074988826e-01,
       -2.7261623412778193e+00, 8.4946432097106481e+01,
       7.0548093261411751e+01, 2.9969022932646311e+02 ]
